					box       obj				  box       obj
mark172   50        0.04234   0.02516             0.02542   0.01885
mark173   120       0.03425   0.01984             0.01418   0.01141
mark174   70        0.02991   0.01746             0.01605   0.01308
mark175   700       0.02415   0.01394             0.007043  0.006153
mark176   150       0.01497   0.0088              0.006705  0.006008
mark177   300       0.01477   0.008473            0.006009  0.005318
mark178   700       0.01445   0.00803             0.005443  0.004926
mark179   250       0.0133    0.007797            0.005061  0.004584
mark1710  800       0.01282   0.007315            0.005349  0.004903
mark1711  250       0.01232   0.007395            0.004773  0.004196
mark1712  900       0.01162   0.006818            0.004767  0.004262
mark1713  900       0.01143   0.006936            0.004526  0.004154
mark1714  1000      0.01029   0.006456            0.004107  0.003845
mark1715  200       0.009566  0.006251            0.004271  0.003884                     
mark1716  1000      0.01008   0.005906			  0.004072  0.003711
mark1717  600 		0.008998  0.005546			  0.004082  0.003745
mark1718  1000 		0.008813  0.005557			  0.004051  0.003673


          9010(125.63 hr)

